{
 "cells": [
  {
   "cell_type": "code",
   "execution_count": 30,
   "id": "29e8163d",
   "metadata": {},
   "outputs": [],
   "source": [
    "import numpy as np\n",
    "from numpy.linalg import norm, inv "
   ]
  },
  {
   "cell_type": "markdown",
   "id": "27b5ed93",
   "metadata": {},
   "source": [
    "### Vetores\n"
   ]
  },
  {
   "cell_type": "code",
   "execution_count": 31,
   "id": "21c2c4fa",
   "metadata": {},
   "outputs": [
    {
     "name": "stdout",
     "output_type": "stream",
     "text": [
      "u + v =  [4 1]\n",
      "\n",
      "2v =  [ 2 -2]\n",
      "\n",
      "u . v =  1\n",
      "\n",
      "||v|| =  1.4142135623730951\n",
      "\n",
      "||u|| =  1.0000000\n",
      "\n"
     ]
    }
   ],
   "source": [
    "u = np.array([3, 2])\n",
    "v = np.array([1, -1])\n",
    "\n",
    "print(f'u + v =  {u + v}') # soma\n",
    "print()\n",
    "print(f'2v =  {2*v}') # mult de escalar\n",
    "print()\n",
    "print(f'u . v =  {u.dot(v)}') # ou pode ser u@v => produto escalar\n",
    "print()\n",
    "print(f'||v|| =  {norm(v)}') # módulo\n",
    "print()\n",
    "u = (1/norm(v)) * v\n",
    "print(f'||u|| =  {norm(u):.7f}') # vetor unitário\n",
    "print()"
   ]
  },
  {
   "cell_type": "markdown",
   "id": "c9e09df3",
   "metadata": {},
   "source": [
    "### Matrizes"
   ]
  },
  {
   "cell_type": "code",
   "execution_count": 32,
   "id": "c77eed08",
   "metadata": {},
   "outputs": [
    {
     "name": "stdout",
     "output_type": "stream",
     "text": [
      "Matriz Nula \n",
      "=[[0. 0. 0.]\n",
      " [0. 0. 0.]\n",
      " [0. 0. 0.]]\n",
      "\n",
      "Matriz Identidade \n",
      "=[[1. 0. 0.]\n",
      " [0. 1. 0.]\n",
      " [0. 0. 1.]]\n",
      "\n",
      "A + B =\n",
      "[[ 5 11  9]\n",
      " [ 5  1 -1]\n",
      " [ 4  9  0]]\n",
      "\n",
      "2A =\n",
      "[[ 2  8 16]\n",
      " [ 4 -2  6]\n",
      " [-4 10  6]]\n",
      "\n",
      "A * B =\n",
      "[[ 64  47 -39]\n",
      " [ 23  24  -3]\n",
      " [ 25   8 -31]]\n",
      "\n"
     ]
    }
   ],
   "source": [
    "Z = np.zeros([3, 3])\n",
    "print(f'Matriz Nula \\n={Z}')\n",
    "print()\n",
    "I = np.identity(3)\n",
    "print(f'Matriz Identidade \\n={I}')\n",
    "print()\n",
    "A = np.array([[1, 4, 8],\n",
    "     [2, -1, 3],\n",
    "     [-2, 5, 3]])\n",
    "B = np.array([[4, 7, 1], \n",
    "     [3, 2, -4],\n",
    "     [6, 4, -3]])\n",
    "print('A + B =') # soma\n",
    "print(A+B)\n",
    "print()\n",
    "print('2A =') # multi pelo escalar\n",
    "print(2*A)\n",
    "print()\n",
    "print('A * B =') # multi de mattrizes\n",
    "print(A@B)\n",
    "print()\n"
   ]
  },
  {
   "cell_type": "code",
   "execution_count": 33,
   "id": "f7b534d7",
   "metadata": {},
   "outputs": [
    {
     "name": "stdout",
     "output_type": "stream",
     "text": [
      "Frutas: \n",
      "[[ 6  3 10]\n",
      " [ 4  8  5]]\n",
      "\n",
      "Preços: \n",
      "[[0.1  0.15]\n",
      " [0.4  0.3 ]\n",
      " [0.1  0.2 ]]\n",
      "\n",
      "Total: \n",
      "[[2.8 3.8]\n",
      " [4.1 4. ]]\n"
     ]
    }
   ],
   "source": [
    "F = np.array([[6, 3, 10], \n",
    "              [4, 8, 5]])\n",
    "\n",
    "P = np.array([[0.10, 0.15],\n",
    "             [0.4, 0.3], \n",
    "             [0.1, 0.2]])\n",
    "\n",
    "print(\"Frutas: \")\n",
    "print(F)\n",
    "print()\n",
    "print('Preços: ')\n",
    "print(P)\n",
    "print()\n",
    "print(\"Total: \")\n",
    "print(F@P)"
   ]
  },
  {
   "cell_type": "markdown",
   "id": "f464aa43",
   "metadata": {},
   "source": [
    "### Matriz de Hilbert"
   ]
  },
  {
   "cell_type": "code",
   "execution_count": 34,
   "id": "9d8de9d3",
   "metadata": {},
   "outputs": [
    {
     "name": "stdout",
     "output_type": "stream",
     "text": [
      "H: \n",
      "[[1.         0.5        0.33333333 0.25       0.2       ]\n",
      " [0.5        0.33333333 0.25       0.2        0.16666667]\n",
      " [0.33333333 0.25       0.2        0.16666667 0.14285714]\n",
      " [0.25       0.2        0.16666667 0.14285714 0.125     ]\n",
      " [0.2        0.16666667 0.14285714 0.125      0.11111111]]\n",
      "\n",
      "H inv: \n",
      "[[ 2.500e+01 -3.000e+02  1.050e+03 -1.400e+03  6.300e+02]\n",
      " [-3.000e+02  4.800e+03 -1.890e+04  2.688e+04 -1.260e+04]\n",
      " [ 1.050e+03 -1.890e+04  7.938e+04 -1.176e+05  5.670e+04]\n",
      " [-1.400e+03  2.688e+04 -1.176e+05  1.792e+05 -8.820e+04]\n",
      " [ 6.300e+02 -1.260e+04  5.670e+04 -8.820e+04  4.410e+04]]\n",
      "\n",
      "H @ inv H: \n",
      "[[ 1.00000000e+00  4.05808720e-13 -9.80993065e-14  4.75974815e-13\n",
      "  -2.37987408e-13]\n",
      " [-1.53025740e-14  1.00000000e+00 -1.73723998e-12 -2.82196488e-12\n",
      "   1.98322840e-13]\n",
      " [ 3.12448480e-15 -6.24896960e-14  1.00000000e+00 -5.99837640e-13\n",
      "   4.29846634e-13]\n",
      " [ 0.00000000e+00  2.27373675e-13 -9.09494702e-13  1.00000000e+00\n",
      "   0.00000000e+00]\n",
      " [ 8.74609027e-15  2.71881283e-14 -1.15815999e-12 -6.68650320e-13\n",
      "   1.00000000e+00]]\n",
      "\n",
      "inv(inv(H)): \n",
      "[[1.         0.5        0.33333333 0.25       0.2       ]\n",
      " [0.5        0.33333333 0.25       0.2        0.16666667]\n",
      " [0.33333333 0.25       0.2        0.16666667 0.14285714]\n",
      " [0.25       0.2        0.16666667 0.14285714 0.125     ]\n",
      " [0.2        0.16666667 0.14285714 0.125      0.11111111]]\n",
      "\n"
     ]
    }
   ],
   "source": [
    "H = np.array([[1/ (i + j - 1)\n",
    "            for j in range(1, 6)]\n",
    "                for i in range(1, 6)])\n",
    "print('H: ')\n",
    "print(H)\n",
    "print()\n",
    "print('H inv: ')\n",
    "print(inv(H))\n",
    "print()\n",
    "print('H @ inv H: ')\n",
    "print(H@inv(H))\n",
    "print()\n",
    "print('inv(inv(H)): ')\n",
    "print(inv(inv(H)))\n",
    "print()"
   ]
  }
 ],
 "metadata": {
  "kernelspec": {
   "display_name": "base",
   "language": "python",
   "name": "python3"
  },
  "language_info": {
   "codemirror_mode": {
    "name": "ipython",
    "version": 3
   },
   "file_extension": ".py",
   "mimetype": "text/x-python",
   "name": "python",
   "nbconvert_exporter": "python",
   "pygments_lexer": "ipython3",
   "version": "3.13.9"
  }
 },
 "nbformat": 4,
 "nbformat_minor": 5
}
